wells
7
X
Y
Z
Lithology
porosity
porosity_nscore
resistivity
32 1 1 2 0.213986 -0.33109 0.33903 
32 1 2 2 0.142801 -0.883548 0.38377 
32 1 3 2 0.0620019 -1.7781 0.302483 
32 1 4 2 0.161161 -0.736877 0.341949 
32 1 5 2 0.115774 -1.22194 0.459602 
32 1 6 2 0.210926 -0.372482 0.357016 
32 1 7 2 0.128676 -1.06197 0.396658 
32 1 8 2 0.24221 -0.0862548 0.349123 
32 1 9 2 0.283518 0.18728 0.343946 
32 1 10 2 0.141446 -0.908458 0.322612 
32 1 11 2 0.253518 -0.0305734 0.345106 
32 1 12 2 0.165802 -0.715175 0.371469 
32 1 13 2 0.277729 0.147822 0.422803 
32 1 14 2 0.204078 -0.426665 0.447051 
32 1 15 2 0.0944833 -1.48527 0.358628 
32 1 16 2 0.184671 -0.578106 0.389749 
32 1 17 2 0.143284 -0.875366 0.362631 
32 1 18 2 0.124091 -1.13302 0.438815 
42 43 1 2 0.129372 -1.05225 0.332673 
42 43 2 2 0.205617 -0.420586 0.334525 
42 43 3 2 0.247385 -0.04726 0.33446 
42 43 4 2 0.215248 -0.31937 0.34746 
42 43 5 2 0.20862 -0.390414 0.390947 
42 43 6 2 0.169475 -0.679732 0.417137 
42 43 7 2 0.156765 -0.766365 0.417763 
42 43 8 2 0.259217 0.00277898 0.428305 
42 43 9 2 0.264347 0.019454 0.458384 
42 43 10 2 0.276185 0.114185 0.491989 
42 43 11 2 0.367666 0.672746 0.523807 
42 43 12 2 0.329668 0.482133 0.532966 
42 43 13 2 0.376526 0.729605 0.540049 
42 43 14 2 0.426847 1.22194 0.604928 
42 43 15 2 0.398788 0.968902 0.736061 
42 43 16 2 0.379475 0.744188 0.805391 
42 43 17 2 0.379563 0.751539 0.884679 
42 43 18 2 0.387049 0.851164 0.968181 
25 49 1 2 0.21511 -0.325225 0.354 
25 49 2 2 0.191528 -0.539125 0.354166 
25 49 3 2 0.282283 0.175979 0.354991 
25 49 4 2 0.230026 -0.170337 0.357916 
25 49 5 2 0.179428 -0.611271 0.387077 
25 49 6 2 0.283848 0.192939 0.464242 
25 49 7 2 0.315599 0.348756 0.499828 
25 49 8 2 0.276968 0.125381 0.641991 
25 49 9 2 0.256058 -0.00833701 0.853761 
25 49 10 2 0.326807 0.426665 0.892341 
25 49 11 2 0.358609 0.645124 0.905811 
25 49 12 2 0.342611 0.552025 0.949754 
25 49 13 2 0.391289 0.89179 1.13573 
25 49 14 1 0.370586 0.700892 1.29796 
25 49 15 1 0.38789 0.867242 1.31719 
25 49 16 1 0.398788 0.968902 1.31141 
25 49 17 0 0.430215 1.23375 1.25703 
25 49 18 0 0.391799 0.908458 1.312 
60 48 1 2 0.350632 0.591294 0.628577 
60 48 2 2 0.273172 0.0974177 0.786383 
60 48 3 0 0.353413 0.604585 1.18933 
60 48 4 0 0.402829 1.02368 1.49701 
60 48 5 0 0.478782 1.67913 1.66878 
60 48 6 0 0.454916 1.42137 1.77008 
60 48 7 0 0.453148 1.39148 1.75737 
60 48 8 0 0.492771 1.89835 1.80458 
60 48 9 0 0.48243 1.7265 1.85448 
60 48 10 0 0.49269 1.86569 1.83061 
60 48 11 0 0.499419 2.84547 1.99898 
60 48 12 0 0.498995 2.61706 1.92851 
60 48 13 0 0.483713 1.7781 1.92171 
60 48 14 0 0.493032 1.93317 1.83863 
60 48 15 0 0.493142 1.97051 1.87585 
60 48 16 0 0.495403 2.37103 1.9585 
60 48 17 0 0.493582 2.10287 1.75032 
60 48 18 0 0.49376 2.15653 1.96007 
25 28 1 2 0.156384 -0.773842 0.3245 
25 28 2 2 0.101664 -1.37699 0.331519 
25 28 3 2 0.122505 -1.1544 0.323059 
25 28 4 2 0.170428 -0.665793 0.320554 
25 28 5 2 0.156788 -0.758931 0.331236 
25 28 6 2 0.0769571 -1.7265 0.311623 
25 28 7 2 0.0969398 -1.45258 0.329853 
25 28 8 2 0.177272 -0.617985 0.370063 
25 28 9 2 0.312288 0.31937 0.394995 
25 28 10 2 0.201966 -0.451145 0.394239 
25 28 11 2 0.188813 -0.552025 0.395975 
25 28 12 2 0.254148 -0.0250133 0.415738 
25 28 13 2 0.276979 0.130985 0.464126 
25 28 14 2 0.277388 0.142205 0.549503 
25 28 15 2 0.319415 0.384423 0.675225 
25 28 16 2 0.326259 0.420586 0.733763 
25 28 17 2 0.391288 0.883548 0.764084 
25 28 18 2 0.268413 0.0528249 0.842022 
47 58 1 2 0.131512 -1.01434 0.294057 
47 58 2 2 0.13356 -0.968902 0.294177 
47 58 3 2 0.17264 -0.651983 0.29602 
47 58 4 2 0.113758 -1.25791 0.313671 
47 58 5 2 0.196308 -0.507259 0.346416 
47 58 6 2 0.160849 -0.744188 0.351092 
47 58 7 2 0.148345 -0.819648 0.358853 
47 58 8 2 0.202214 -0.445001 0.406425 
47 58 9 2 0.218904 -0.290258 0.423519 
47 58 10 2 0.210715 -0.378445 0.427085 
47 58 11 2 0.168081 -0.700892 0.440282 
47 58 12 2 0.186838 -0.558509 0.445287 
47 58 13 2 0.145672 -0.835302 0.446464 
47 58 14 2 0.211227 -0.366531 0.439633 
47 58 15 2 0.217027 -0.301872 0.465051 
47 58 16 2 0.264829 0.0305734 0.684104 
47 58 17 2 0.310097 0.307694 0.85025 
47 58 18 2 0.336107 0.51359 0.901041 
36 40 1 2 0.196588 -0.494657 0.449454 
36 40 2 2 0.148876 -0.796536 0.379398 
36 40 3 2 0.215558 -0.313527 0.356992 
36 40 4 2 0.182557 -0.604585 0.333837 
36 40 5 2 0.211243 -0.360593 0.348059 
36 40 6 2 0.305815 0.29606 0.378583 
36 40 7 2 0.241753 -0.0974177 0.374341 
36 40 8 2 0.296258 0.27291 0.448959 
36 40 9 2 0.326989 0.438873 0.449655 
36 40 10 2 0.32682 0.432761 0.477549 
36 40 11 2 0.329406 0.475899 0.568923 
36 40 12 2 0.306009 0.301872 0.694087 
36 40 13 1 0.345178 0.565017 0.892164 
36 40 14 1 0.330362 0.494657 0.907844 
36 40 15 0 0.383694 0.788926 0.946618 
36 40 16 0 0.405599 1.06197 1.21363 
36 40 17 1 0.403508 1.04263 1.45441 
36 40 18 1 0.358514 0.638295 1.57301 
66 24 1 2 0.129569 -1.04263 0.273707 
66 24 2 2 0.0522623 -1.83491 0.2586 
66 24 3 2 0.0410578 -1.93317 0.251824 
66 24 4 2 0.0373628 -2.01081 0.22357 
66 24 5 2 0.0190769 -2.21723 0.232796 
66 24 6 2 0.177202 -0.624726 0.305542 
66 24 7 2 0.246212 -0.0528249 0.409174 
66 24 8 2 0.193534 -0.532709 0.434698 
66 24 9 2 0.318945 0.378445 0.581207 
66 24 10 2 0.287152 0.238453 0.710424 
66 24 11 2 0.440628 1.30855 1.15888 
66 24 12 1 0.312199 0.313527 1.33091 
66 24 13 0 0.399492 0.995917 1.3661 
66 24 14 0 0.372095 0.708015 1.37026 
66 24 15 1 0.432801 1.25791 1.37224 
66 24 16 1 0.464383 1.48527 1.36374 
66 24 17 1 0.381889 0.773842 1.35214 
66 24 18 1 0.242193 -0.0918348 1.35112 
36 42 1 2 0.22388 -0.221332 0.321877 
36 42 2 2 0.0236456 -2.15653 0.305298 
36 42 3 2 0.0835722 -1.55589 0.312836 
36 42 4 2 0.224294 -0.209955 0.37574 
36 42 5 2 0.223346 -0.238453 0.496939 
36 42 6 2 0.312673 0.325225 0.5212 
36 42 7 2 0.358435 0.631496 0.623045 
36 42 8 2 0.28943 0.244175 0.706846 
36 42 9 2 0.27157 0.0862548 0.734358 
36 42 10 2 0.384277 0.796536 0.762078 
36 42 11 2 0.385537 0.819648 0.794232 
36 42 12 2 0.327603 0.457307 0.852529 
36 42 13 2 0.385686 0.82745 0.874551 
36 42 14 2 0.399314 0.986832 0.96161 
36 42 15 2 0.414142 1.13302 1.04334 
36 42 16 2 0.416316 1.1544 1.14088 
36 42 17 2 0.394746 0.916887 1.19061 
36 42 18 2 0.399627 1.00509 1.1945 
11 46 1 2 0.141489 -0.900093 0.440324 
11 46 2 2 0.217896 -0.29606 0.468793 
11 46 3 2 0.285533 0.204276 0.479029 
11 46 4 2 0.270974 0.0806775 0.483046 
11 46 5 2 0.370382 0.679732 0.49762 
11 46 6 2 0.222973 -0.249905 0.531305 
11 46 7 2 0.223528 -0.232738 0.678207 
11 46 8 1 0.405658 1.07179 0.736482 
11 46 9 1 0.358283 0.624726 0.816057 
11 46 10 1 0.448544 1.36279 1.02187 
11 46 11 1 0.409542 1.10189 1.06105 
11 46 12 1 0.424813 1.18749 1.13189 
11 46 13 1 0.403569 1.05225 1.18798 
11 46 14 1 0.49323 2.05467 1.21343 
11 46 15 1 0.443376 1.33518 1.26803 
11 46 16 1 0.398448 0.942576 1.31847 
11 46 17 1 0.39151 0.900093 1.36266 
11 46 18 1 0.44381 1.34885 1.36052 
69 69 1 2 0.17227 -0.658872 0.401165 
69 69 2 2 0.278595 0.153443 0.389581 
69 69 3 2 0.202568 -0.438873 0.442249 
69 69 4 2 0.127422 -1.11215 0.331504 
69 69 5 2 0.226806 -0.204276 0.38852 
69 69 6 2 0.2646 0.0250133 0.45968 
69 69 7 2 0.286721 0.221332 0.425988 
69 69 8 2 0.27001 0.0695301 0.405714 
69 69 9 2 0.286689 0.21564 0.558395 
69 69 10 2 0.346989 0.584687 0.841215 
69 69 11 2 0.340517 0.532709 1.07629 
69 69 12 2 0.4089 1.09175 1.26598 
69 69 13 2 0.351773 0.597926 1.15116 
69 69 14 2 0.387346 0.859175 1.26161 
69 69 15 2 0.430794 1.24574 1.27733 
69 69 16 1 0.398788 0.968902 1.26001 
69 69 17 0 0.398953 0.977827 1.45766 
69 69 18 1 0.452099 1.37699 1.52357 
9 5 1 2 0.110378 -1.27026 0.299943 
9 5 2 2 0.0454494 -1.89835 0.274797 
9 5 3 2 0.0800533 -1.63526 0.267184 
9 5 4 2 0.10762 -1.33518 0.268002 
9 5 5 2 0.0323871 -2.05467 0.218124 
9 5 6 2 0.00917164 -2.61706 0.196205 
9 5 7 2 0.0163165 -2.37103 0.176528 
9 5 8 2 0.0525446 -1.80578 0.169914 
9 5 9 2 0.0480943 -1.86569 0.177664 
9 5 10 2 0.117758 -1.19882 0.179211 
9 5 11 2 0.00419325 -2.84547 0.173258 
9 5 12 2 0.108413 -1.30855 0.186027 
9 5 13 2 0.128028 -1.10189 0.20315 
9 5 14 2 0.199774 -0.469684 0.314739 
9 5 15 2 0.322936 0.396419 0.441203 
9 5 16 2 0.302618 0.290258 0.443675 
9 5 17 2 0.396149 0.933944 0.465632 
9 5 18 2 0.346784 0.578106 0.480242 
59 43 1 2 0.271808 0.0918348 0.466532 
59 43 2 2 0.213401 -0.354668 0.360032 
59 43 3 2 0.223562 -0.227032 0.340032 
59 43 4 2 0.323571 0.408473 0.415033 
59 43 5 2 0.317902 0.372482 0.413381 
59 43 6 2 0.327281 0.451145 0.557676 
59 43 7 2 0.282044 0.170337 0.770839 
59 43 8 2 0.375844 0.722371 1.0718 
59 43 9 0 0.376694 0.736877 1.26793 
59 43 10 0 0.400486 1.01434 1.29074 
59 43 11 0 0.467333 1.53751 1.39498 
59 43 12 0 0.381947 0.781362 1.4055 
59 43 13 0 0.468071 1.61445 1.48033 
59 43 14 0 0.49377 2.21723 1.64021 
59 43 15 0 0.495939 2.47553 1.7745 
59 43 16 0 0.493211 2.01081 1.83167 
59 43 17 0 0.466523 1.50223 1.68998 
59 43 18 0 0.461372 1.45258 1.86496 
62 18 1 2 0.286767 0.227032 0.485082 
62 18 2 2 0.174577 -0.638295 0.340315 
62 18 3 2 0.24463 -0.0695301 0.445944 
62 18 4 2 0.131765 -0.977827 0.366101 
62 18 5 2 0.114093 -1.24574 0.332248 
62 18 6 2 0.122429 -1.16529 0.320468 
62 18 7 2 0.200874 -0.463487 0.368446 
62 18 8 2 0.169196 -0.686751 0.407663 
62 18 9 2 0.115128 -1.23375 0.315362 
62 18 10 2 0.164672 -0.722371 0.332554 
62 18 11 2 0.176397 -0.631496 0.325671 
62 18 12 2 0.183321 -0.597926 0.364356 
62 18 13 2 0.208395 -0.396419 0.498152 
62 18 14 2 0.313308 0.33109 0.525543 
62 18 15 2 0.316554 0.354668 0.429101 
62 18 16 2 0.365134 0.665793 0.444666 
62 18 17 2 0.277329 0.136593 0.610725 
62 18 18 2 0.220174 -0.27291 0.500352 
22 56 1 2 0.118597 -1.18749 0.29574 
22 56 2 2 0.0830917 -1.57481 0.290538 
22 56 3 2 0.143359 -0.867242 0.289701 
22 56 4 2 0.22889 -0.175979 0.289621 
22 56 5 2 0.142561 -0.89179 0.289392 
22 56 6 2 0.125236 -1.12252 0.291414 
22 56 7 2 0.102159 -1.36279 0.292557 
22 56 8 2 0.117139 -1.2103 0.29939 
22 56 9 2 0.148391 -0.811896 0.307099 
22 56 10 2 0.0816739 -1.59432 0.31615 
22 56 11 2 0.140352 -0.933944 0.350117 
22 56 12 2 0.209118 -0.384423 0.358027 
22 56 13 2 0.261121 0.00833701 0.374015 
22 56 14 2 0.216789 -0.307694 0.394312 
22 56 15 2 0.234727 -0.142205 0.489972 
22 56 16 2 0.196596 -0.488385 0.543548 
22 56 17 2 0.355881 0.611271 0.633443 
22 56 18 2 0.298792 0.278683 0.677122 
45 2 1 2 0.0996653 -1.40627 0.303934 
45 2 2 2 0.0976011 -1.4368 0.307051 
45 2 3 2 0.0926976 -1.50223 0.307487 
45 2 4 2 0.106302 -1.34885 0.311441 
45 2 5 2 0.199245 -0.475899 0.341522 
45 2 6 2 0.148311 -0.82745 0.357189 
45 2 7 2 0.131681 -0.995917 0.359128 
45 2 8 2 0.0851063 -1.53751 0.362801 
45 2 9 2 0.197583 -0.482133 0.371717 
45 2 10 2 0.0980574 -1.42137 0.37332 
45 2 11 2 0.315136 0.342855 0.379486 
45 2 12 2 0.24095 -0.114185 0.405196 
45 2 13 2 0.242667 -0.0806775 0.41065 
45 2 14 2 0.151914 -0.788926 0.416615 
45 2 15 2 0.231158 -0.159069 0.429359 
45 2 16 2 0.230712 -0.164701 0.433383 
45 2 17 2 0.237643 -0.130985 0.449822 
45 2 18 2 0.251103 -0.0416966 0.459728 
15 58 1 2 0.144918 -0.851164 0.321703 
15 58 2 2 0.183899 -0.591294 0.308877 
15 58 3 2 0.184869 -0.571549 0.36088 
15 58 4 2 0.234503 -0.147822 0.312825 
15 58 5 2 0.270009 0.0639598 0.37922 
15 58 6 2 0.173008 -0.645124 0.329784 
15 58 7 2 0.136878 -0.951278 0.285709 
15 58 8 2 0.219458 -0.278683 0.369151 
15 58 9 2 0.128152 -1.08172 0.349213 
15 58 10 2 0.205911 -0.414521 0.33589 
15 58 11 2 0.385788 0.835302 0.460821 
15 58 12 2 0.140676 -0.925382 0.338168 
15 58 13 2 0.285707 0.209955 0.376112 
15 58 14 2 0.14536 -0.843206 0.28077 
15 58 15 2 0.128583 -1.07179 0.313216 
15 58 16 2 0.207858 -0.402438 0.322733 
15 58 17 2 0.269998 0.0583915 0.399829 
15 58 18 2 0.194189 -0.526315 0.374257 
57 45 1 2 0.262293 0.0138953 0.357376 
57 45 2 2 0.339694 0.526315 0.500409 
57 45 3 2 0.276201 0.119781 0.569063 
57 45 4 2 0.291609 0.249905 0.594695 
57 45 5 2 0.359194 0.658872 0.879105 
57 45 6 0 0.375216 0.715175 0.981496 
57 45 7 0 0.342733 0.558509 1.14565 
57 45 8 0 0.346582 0.571549 1.08997 
57 45 9 0 0.441632 1.32175 1.35435 
57 45 10 0 0.410375 1.12252 1.37211 
57 45 11 0 0.395329 0.925382 1.27004 
57 45 12 0 0.388132 0.875366 1.49876 
57 45 13 0 0.482479 1.75172 1.68998 
57 45 14 0 0.433787 1.27026 1.79827 
57 45 15 0 0.485576 1.80578 1.7317 
57 45 16 0 0.467387 1.55589 1.81585 
57 45 17 0 0.467394 1.57481 1.65216 
57 45 18 0 0.491775 1.83491 1.68924 
39 12 1 2 0.0652423 -1.75172 0.267982 
39 12 2 2 0.0945326 -1.46873 0.267994 
39 12 3 2 0.0292776 -2.10287 0.268159 
39 12 4 2 0.0171857 -2.28739 0.268761 
39 12 5 2 0.0382086 -1.97051 0.269044 
39 12 6 2 0.0128555 -2.47553 0.269525 
39 12 7 2 0.1217 -1.17632 0.273102 
39 12 8 2 0.0790605 -1.67913 0.276194 
39 12 9 2 0.0878561 -1.51963 0.280097 
39 12 10 2 0.109733 -1.29558 0.310979 
39 12 11 2 0.213929 -0.336967 0.351323 
39 12 12 2 0.194969 -0.519942 0.361507 
39 12 13 2 0.244055 -0.0751026 0.396418 
39 12 14 2 0.245788 -0.0583915 0.417944 
39 12 15 2 0.235092 -0.136593 0.436756 
39 12 16 2 0.268347 0.0416966 0.476829 
39 12 17 2 0.3206 0.390414 0.486269 
39 12 18 2 0.286991 0.232738 0.498578 
47 36 1 2 0.245032 -0.0639598 0.401964 
47 36 2 2 0.186565 -0.565017 0.441813 
47 36 3 2 0.240278 -0.119781 0.453778 
47 36 4 2 0.317623 0.366531 0.483755 
47 36 5 2 0.335413 0.507259 0.592154 
47 36 6 2 0.279096 0.159069 0.618173 
47 36 7 2 0.292258 0.255643 0.69818 
47 36 8 2 0.213687 -0.342855 0.852009 
47 36 9 2 0.342192 0.545564 0.903019 
47 36 10 1 0.328983 0.469684 1.06821 
47 36 11 1 0.384637 0.811896 1.12978 
47 36 12 1 0.402879 1.03311 1.20873 
47 36 13 1 0.408314 1.08172 1.27401 
47 36 14 1 0.410274 1.11215 1.4295 
47 36 15 1 0.493882 2.28739 1.49894 
47 36 16 0 0.462336 1.46873 1.56382 
47 36 17 0 0.425002 1.19882 1.64488 
47 36 18 0 0.455805 1.4368 1.73792 
52 8 1 2 0.110315 -1.28282 0.284281 
52 8 2 2 0.130209 -1.02368 0.289195 
52 8 3 2 0.0792268 -1.65679 0.289781 
52 8 4 2 0.128151 -1.09175 0.323195 
52 8 5 2 0.0998045 -1.39148 0.304798 
52 8 6 2 0.168423 -0.693804 0.336117 
52 8 7 2 0.241724 -0.103004 0.41433 
52 8 8 2 0.325586 0.414521 0.441995 
52 8 9 2 0.227497 -0.192939 0.438762 
52 8 10 2 0.144902 -0.859175 0.439056 
52 8 11 2 0.227887 -0.18728 0.438818 
52 8 12 2 0.22739 -0.198605 0.425571 
52 8 13 2 0.221828 -0.255643 0.399261 
52 8 14 2 0.188845 -0.545564 0.396061 
52 8 15 2 0.206728 -0.408473 0.40571 
52 8 16 2 0.228652 -0.181627 0.409961 
52 8 17 2 0.213518 -0.348756 0.451902 
52 8 18 2 0.195952 -0.51359 0.478197 
24 16 1 2 0.240058 -0.125381 0.42045 
24 16 2 2 0.21911 -0.284466 0.374221 
24 16 3 2 0.131589 -1.00509 0.385755 
24 16 4 2 0.275314 0.108593 0.525239 
24 16 5 2 0.16147 -0.729605 0.384904 
24 16 6 2 0.141262 -0.916887 0.34016 
24 16 7 2 0.274731 0.103004 0.412414 
24 16 8 2 0.220356 -0.267146 0.562831 
24 16 9 2 0.255553 -0.019454 0.404946 
24 16 10 2 0.220687 -0.26139 0.447053 
24 16 11 2 0.154507 -0.781362 0.380422 
24 16 12 2 0.241632 -0.108593 0.307542 
24 16 13 2 0.32301 0.402438 0.453946 
24 16 14 2 0.317293 0.360593 0.634738 
24 16 15 2 0.327058 0.445001 0.712876 
24 16 16 2 0.270017 0.0751026 0.788307 
24 16 17 2 0.29951 0.284466 0.754379 
24 16 18 1 0.359001 0.651983 0.819979 
3 33 1 2 0.137831 -0.942576 0.365053 
3 33 2 2 0.107736 -1.32175 0.304654 
3 33 3 2 0.148512 -0.804192 0.302807 
3 33 4 2 0.184664 -0.584687 0.323398 
3 33 5 2 0.252594 -0.0361344 0.500734 
3 33 6 2 0.332568 0.500948 0.57633 
3 33 7 2 0.341637 0.539125 0.639984 
3 33 8 0 0.385861 0.843206 0.791861 
3 33 9 0 0.384589 0.804192 0.914204 
3 33 10 0 0.467079 1.51963 1.32464 
3 33 11 0 0.418853 1.16529 1.54592 
3 33 12 0 0.426796 1.2103 1.64856 
3 33 13 0 0.438954 1.29558 1.7112 
3 33 14 0 0.475017 1.65679 1.709 
3 33 15 0 0.416096 1.14364 1.68264 
3 33 16 0 0.370531 0.693804 1.57197 
3 33 17 0 0.468559 1.63526 1.51524 
3 33 18 0 0.481782 1.70234 1.48628 
61 39 1 2 0.196517 -0.500948 0.341099 
61 39 2 2 0.267405 0.0361344 0.398382 
61 39 3 2 0.284496 0.198605 0.38721 
61 39 4 2 0.136736 -0.960052 0.304798 
61 39 5 2 0.203598 -0.432761 0.336097 
61 39 6 2 0.328963 0.463487 0.364569 
61 39 7 2 0.283264 0.181627 0.424292 
61 39 8 2 0.257074 -0.00277898 0.461243 
61 39 9 2 0.281616 0.164701 0.445314 
61 39 10 2 0.295863 0.267146 0.66565 
61 39 11 2 0.356508 0.617985 0.785939 
61 39 12 2 0.338024 0.519942 0.983731 
61 39 13 2 0.38126 0.758931 1.19302 
61 39 14 2 0.421852 1.17632 1.36371 
61 39 15 2 0.381415 0.766365 1.47958 
61 39 16 0 0.454903 1.40627 1.52242 
61 39 17 0 0.435116 1.28282 1.62495 
61 39 18 0 0.467827 1.59432 1.44703 
40 70 1 2 0.123522 -1.14364 0.349148 
40 70 2 2 0.200975 -0.457307 0.417847 
40 70 3 2 0.223321 -0.244175 0.343106 
40 70 4 2 0.223959 -0.21564 0.347566 
40 70 5 2 0.169589 -0.672746 0.441445 
40 70 6 2 0.131707 -0.986832 0.351288 
40 70 7 2 0.12957 -1.03311 0.33221 
40 70 8 2 0.294239 0.26139 0.391103 
40 70 9 2 0.157765 -0.751539 0.395538 
40 70 10 2 0.0779364 -1.70234 0.329969 
40 70 11 2 0.0808614 -1.61445 0.284257 
40 70 12 2 0.255577 -0.0138953 0.455043 
40 70 13 2 0.314559 0.336967 0.504954 
40 70 14 2 0.232499 -0.153443 0.441752 
40 70 15 2 0.268388 0.04726 0.358464 
40 70 16 2 0.167626 -0.708015 0.337807 
40 70 17 2 0.33023 0.488385 0.498995 
40 70 18 2 0.370517 0.686751 0.459061 
